663 420 865 918 469 322 132 962 369 476 449 172 658 208 88 162 633 493 322 308 122 437 257 532 734 211 131 938 431 550 0 13432
375 562 961 708 479 429 498 80 859 857 546 776 28 673 975 576 825 607 68 146 383 180 573 630 702 775 831 823 190 730 0 16845
842 33 761 802 732 708 699 229 778 557 555 793 333 51 465 307 617 289 382 675 894 756 324 935 854 494 187 163 786 368 0 16369
361 627 391 121 897 122 820 595 811 597 151 834 858 943 875 322 249 492 79 100 635 963 846 949 375 177 912 553 330 697 0 16682
911 160 792 770 271 688 361 90 282 640 156 892 473 13 835 347 795 552 307 864 120 933 305 956 359 148 602 270 691 400 0 14983
435 79 550 695 840 812 382 669 370 132 308 516 493 771 989 796 586 783 816 884 124 927 294 888 360 643 36 952 382 195 0 16707
821 285 734 370 971 51 650 821 710 489 422 17 473 383 256 461 178 832 712 984 715 305 388 477 192 739 120 687 168 961 0 15372
351 979 245 84 818 684 594 936 974 303 424 864 779 366 246 34 817 414 334 998 866 518 302 723 985 484 461 573 640 97 0 16893
533 981 545 247 64 831 921 126 766 372 888 659 235 666 24 471 168 309 353 961 306 219 478 598 932 932 551 861 504 190 0 15691
948 37 639 492 274 171 322 663 287 557 35 174 684 260 308 176 200 466 475 543 895 250 752 373 316 161 304 335 490 798 0 12385
515 438 303 622 398 45 783 189 699 69 214 202 702 888 921 1000 532 120 934 997 654 829 715 874 201 31 35 964 356 984 0 16214
239 340 421 533 952 288 568 213 467 735 272 149 927 965 36 848 442 558 436 376 32 89 204 216 954 864 237 457 827 61 0 13706
440 534 860 330 66 290 608 103 493 543 306 233 682 702 666 708 27 108 734 453 474 234 533 146 440 955 1000 145 411 304 0 13528
666 841 828 525 170 363 283 246 925 766 779 699 990 460 400 133 636 886 231 838 339 173 72 340 309 971 294 777 116 173 0 15229
549 250 13 377 765 643 208 48 879 601 282 658 299 740 586 168 864 222 53 563 59 851 205 590 659 973 561 421 750 145 0 13982
584 298 385 66 143 618 699 810 134 577 410 407 703 178 615 289 336 947 970 848 510 28 699 183 87 826 155 638 247 895 0 14285
773 821 662 626 877 273 243 53 83 837 99 483 712 270 129 326 549 455 742 987 303 720 15 470 893 92 764 47 198 10 0 13512
411 439 300 541 64 645 804 766 689 877 80 256 829 782 516 948 577 534 872 318 520 643 506 994 112 398 554 866 904 742 0 17487
345 314 649 113 845 181 748 649 416 905 994 486 160 300 737 145 717 313 669 588 99 657 230 595 651 801 461 204 144 364 0 14480
415 948 669 63 60 982 235 799 108 641 181 571 126 801 861 853 936 55 634 82 111 201 729 331 264 379 600 715 52 213 0 13615
548 457 160 685 510 211 666 735 478 243 844 127 804 961 918 664 291 331 188 394 872 289 585 601 89 318 448 679 32 490 0 14618
360 48 937 511 723 916 190 389 128 136 622 963 253 894 923 640 35 682 439 213 75 311 493 129 902 572 437 818 719 928 0 15386
777 79 967 191 58 689 106 238 546 225 833 636 187 554 529 578 193 555 728 623 758 272 402 719 860 772 290 296 589 478 0 14728
692 365 25 136 547 73 294 121 770 830 805 602 935 982 624 932 37 808 486 234 899 713 496 300 900 355 71 659 119 128 0 14938
136 279 484 151 406 499 683 690 88 452 988 884 522 922 865 145 332 371 421 808 595 319 989 559 87 889 382 148 547 960 0 15601
736 673 238 219 292 634 186 965 792 264 416 258 147 406 648 481 541 970 320 953 778 383 740 244 932 818 132 782 434 147 0 15529
741 169 288 969 847 570 81 501 12 341 234 887 589 371 292 237 320 302 206 630 723 452 481 462 687 881 748 287 662 651 0 14621
425 402 288 703 840 135 742 911 104 744 251 328 109 309 168 391 536 478 683 732 577 405 653 57 336 339 929 83 616 590 0 13864
724 509 461 12 212 300 606 422 679 178 165 398 497 264 697 133 124 701 601 275 433 646 149 85 172 475 883 100 26 967 0 11894
158 219 476 87 690 678 846 764 568 524 932 723 913 897 456 87 29 48 779 99 313 680 735 452 233 897 395 115 465 881 0 15139
550 92 568 25 169 257 171 15 489 729 998 420 921 910 786 376 466 805 414 713 372 195 392 576 116 93 472 970 667 406 0 14133
850 216 488 417 232 125 142 862 130 621 591 128 510 980 506 295 824 440 568 237 152 931 891 534 506 997 617 446 967 283 0 15486
842 294 490 798 702 190 914 312 51 43 924 110 630 433 89 605 718 903 44 754 608 187 684 968 189 658 442 797 104 408 0 14891
548 414 171 506 212 341 164 594 643 675 105 566 775 726 989 333 799 184 704 833 929 781 19 90 748 199 739 189 464 311 0 14751
66 480 193 696 977 864 36 140 457 669 283 553 704 527 747 170 850 545 345 31 377 742 802 856 300 27 523 38 676 977 0 14651
808 732 456 992 427 901 855 922 510 781 68 783 802 762 309 548 923 627 561 736 127 406 946 919 261 245 415 252 743 90 0 17907
228 550 290 153 19 185 522 343 106 500 123 164 752 915 917 60 931 317 156 491 521 273 887 466 660 617 701 543 859 443 0 13692
623 556 462 381 177 471 556 167 282 652 658 395 285 409 778 670 928 708 455 552 667 966 293 32 431 422 639 131 955 966 0 15667
43 56 990 964 427 635 903 974 793 185 103 919 570 847 796 817 516 723 524 961 744 191 404 36 213 825 448 320 425 403 0 16755
754 927 449 222 890 344 325 792 317 586 967 880 504 15 726 768 822 711 491 814 149 234 473 544 729 154 837 177 933 261 0 16795
48 165 187 487 377 545 299 170 337 607 747 772 955 719 255 680 487 545 859 446 828 999 148 300 542 867 914 378 43 846 0 15552
108 81 10 754 36 846 299 326 485 104 401 231 344 355 940 68 503 895 603 362 340 899 360 478 199 370 345 581 216 847 0 12386
426 783 397 896 537 892 219 826 686 694 398 555 915 210 900 333 268 403 696 862 233 36 238 583 973 896 421 786 476 105 0 16643
111 893 879 498 266 415 858 475 709 544 638 575 98 30 775 467 822 43 338 518 373 561 22 601 612 985 497 501 249 963 0 15316
596 350 333 474 316 589 879 173 533 65 185 170 630 743 659 405 209 481 438 537 989 801 566 10 401 177 463 888 668 702 0 14430
329 263 51 652 206 826 710 84 990 711 140 174 871 760 385 529 164 584 1000 70 589 466 861 154 466 731 790 398 96 926 0 14976
99 415 658 610 67 854 435 245 406 893 946 536 536 294 765 911 291 397 495 760 458 83 225 787 697 160 517 955 548 604 0 15647
881 637 18 538 715 544 860 150 257 265 42 202 270 568 486 503 479 768 890 442 996 816 984 220 603 158 370 119 113 386 0 14280
191 984 23 200 990 206 212 327 346 460 582 848 652 320 884 607 813 831 843 181 272 838 987 725 526 67 873 887 646 976 0 17297
272 827 437 754 495 426 429 698 221 765 157 794 90 277 582 443 352 395 273 663 44 14 500 30 729 26 557 601 381 202 0 12434
577 121 28 13 344 514 899 763 211 119 996 827 381 86 572 954 988 393 817 260 55 851 264 24 349 983 509 896 584 880 0 15258
97 160 469 116 632 803 620 530 565 299 118 561 594 489 115 634 911 102 26 727 821 541 55 85 555 395 67 63 290 119 0 11559
411 378 738 870 953 370 151 50 368 706 808 945 735 401 434 318 34 813 410 520 18 231 60 63 775 83 917 310 136 207 0 13213
420 15 53 626 353 996 464 494 45 823 200 843 767 403 712 669 712 214 951 590 724 959 289 252 490 63 325 407 364 920 0 15143
82 252 925 125 346 747 120 801 240 624 623 899 935 858 302 646 996 482 328 424 71 521 382 351 763 340 873 557 737 705 0 16055
476 809 425 870 402 762 616 981 562 324 604 653 223 16 979 984 130 974 465 449 397 995 960 247 345 200 578 687 747 783 0 17643
391 692 70 807 561 462 568 645 443 598 959 515 250 650 522 228 633 642 671 97 559 536 561 518 252 896 709 820 60 924 0 16239
80 442 615 609 717 175 71 753 288 973 350 716 956 68 365 477 755 467 588 894 32 615 430 583 133 672 948 310 960 998 0 16040
233 508 439 317 117 624 951 647 376 239 619 194 423 52 721 256 520 476 713 576 369 736 190 267 787 782 407 734 560 835 0 14668
732 262 343 639 569 919 732 519 565 576 226 652 761 639 694 481 886 682 425 598 257 785 802 907 520 67 166 918 791 717 0 17830
752 991 969 94 108 15 12 830 524 45 405 219 687 634 848 381 115 211 531 999 278 779 783 79 163 772 605 319 689 396 0 14233
504 909 855 941 994 953 946 474 260 939 979 134 157 665 758 473 514 341 675 45 340 943 292 591 490 914 362 95 232 519 0 17294
950 205 428 804 145 890 235 91 832 954 498 810 87 123 944 314 586 457 645 260 961 453 671 721 513 161 634 343 715 335 0 15765
853 664 999 280 467 143 638 170 693 469 124 190 279 670 772 222 974 358 147 97 86 577 540 748 297 52 377 400 386 91 0 12763
203 707 745 201 455 680 334 92 319 496 551 902 154 820 571 917 510 545 274 648 632 819 693 640 44 980 161 411 848 15 0 15367
961 519 712 183 710 166 332 513 248 641 477 789 542 621 87 581 537 65 125 279 703 747 98 395 856 601 844 16 12 169 0 13529
21 441 679 723 615 857 357 937 838 595 55 314 852 65 926 407 636 462 463 230 210 634 967 767 498 300 367 341 306 838 0 15701
969 317 279 647 39 884 973 386 298 810 449 812 124 770 345 518 176 449 448 629 669 648 263 114 414 751 404 772 560 701 0 15618
87 997 17 356 644 516 708 94 370 474 894 810 285 486 579 620 994 223 538 442 843 206 89 574 310 963 793 705 212 821 0 15650
405 289 817 881 636 929 396 812 22 757 286 907 44 561 392 91 650 386 304 187 296 146 383 375 188 162 806 449 857 17 0 13431
269 730 297 86 610 401 483 997 212 496 231 488 402 265 518 262 346 636 116 640 291 402 255 142 246 902 294 51 351 150 0 11569
59 88 870 815 164 480 684 116 945 364 602 175 321 472 899 829 202 244 933 309 352 223 179 597 355 415 968 640 457 318 0 14075
258 975 396 128 267 29 76 419 135 489 773 205 654 93 667 552 390 337 264 791 636 606 13 806 672 359 220 639 467 145 0 12461
425 715 588 289 311 845 777 377 263 380 334 505 575 978 66 710 998 916 47 261 706 673 336 188 947 998 537 636 114 472 0 15967
249 998 186 828 286 488 672 63 333 404 433 658 377 477 113 902 186 111 817 223 831 992 365 166 179 780 632 184 415 214 0 13562
646 655 211 300 951 957 256 100 19 580 963 911 706 339 387 287 241 42 857 526 255 688 986 88 322 164 859 423 338 742 0 14799
627 452 865 307 743 815 263 989 906 741 568 868 129 742 676 507 498 385 539 354 379 262 510 365 810 823 519 668 714 326 0 17350
878 809 768 743 115 510 35 837 499 409 577 535 746 175 746 421 150 243 274 679 587 643 409 97 998 218 388 986 354 101 0 14930
311 701 900 78 912 484 57 937 320 546 815 366 549 560 1000 294 971 149 527 244 296 583 355 695 670 353 382 526 338 204 0 15123
95 117 373 463 654 284 937 701 690 726 246 504 560 786 63 559 548 502 698 75 214 984 648 559 156 786 380 997 311 186 0 14802
201 865 293 564 327 938 317 733 638 997 927 353 500 486 607 31 513 154 523 679 688 205 140 335 754 286 589 134 752 368 0 14897
310 943 232 72 975 28 1000 760 751 115 756 677 458 724 631 533 223 612 678 214 290 365 409 420 169 632 174 226 234 916 0 14527
585 12 336 285 74 780 303 542 539 522 648 764 667 574 956 297 107 179 377 253 383 657 86 261 545 714 883 188 931 585 0 14033
572 984 587 899 268 652 156 40 193 163 552 309 917 219 874 351 975 449 520 352 692 371 477 246 100 22 951 973 669 881 0 15414
557 240 864 613 138 600 264 753 108 916 907 651 225 301 338 98 642 781 537 630 132 697 992 600 933 91 90 883 533 749 0 15863
241 558 979 573 170 586 642 893 338 740 809 713 390 33 14 196 590 646 968 126 276 568 291 736 167 223 295 716 575 296 0 14348
933 806 323 912 848 483 966 489 845 772 228 653 485 87 154 489 742 734 603 709 328 347 746 609 82 381 300 368 97 865 0 16384
132 29 149 445 409 465 397 843 944 241 615 640 362 99 195 506 56 928 239 649 114 35 465 850 634 537 231 402 373 787 0 12771
267 496 284 875 409 684 339 796 995 751 36 609 859 857 176 54 362 691 450 69 809 32 563 273 351 196 278 50 589 642 0 13842
827 324 606 110 667 14 262 474 279 257 693 774 334 551 631 970 73 461 138 982 521 937 14 83 209 824 739 478 864 796 0 14892
588 690 588 662 268 254 666 990 196 935 715 879 709 517 898 808 486 440 268 615 421 257 29 894 800 229 717 538 175 580 0 16812
802 753 738 858 414 475 580 548 464 766 952 178 122 138 685 19 936 640 449 672 254 339 920 273 232 719 961 418 725 604 0 16634
988 995 825 204 852 707 669 431 255 601 665 675 769 777 281 922 264 685 561 704 356 283 42 275 25 733 462 976 150 655 0 16787
580 607 649 404 279 969 111 938 399 825 16 532 968 775 308 248 696 563 923 726 735 747 999 245 491 23 446 943 468 587 0 17200
598 47 193 715 910 462 684 489 868 551 782 874 83 749 126 850 465 290 881 387 15 93 603 483 328 93 496 765 35 954 0 14869
820 101 469 481 285 848 411 959 336 747 978 587 98 529 335 214 379 269 963 259 124 447 343 717 920 139 800 884 372 826 0 15640
838 660 395 775 140 670 622 19 106 949 756 84 535 844 603 338 526 972 597 958 700 712 404 511 428 792 118 228 675 950 0 16905
522 981 609 385 756 218 55 377 227 151 794 452 694 328 764 297 135 759 737 200 716 905 380 588 415 277 379 993 495 522 0 15111
942 485 503 28 860 258 705 383 625 923 525 419 843 218 215 606 974 809 364 711 1000 548 615 379 135 499 646 973 491 609 0 17291
495 901 562 988 397 891 245 102 273 338 493 266 747 335 944 431 409 917 239 242 105 238 780 711 86 384 678 200 356 637 0 14390
