468 494 472 797 546 164 203 189 65 436 980 823 47 857 985 374 752 784 832 383 128 366 979 199 481 109 158 216 972 776 
592 908 270 532 182 284 686 376 932 741 280 911 41 317 245 495 160 987 747 982 839 865 817 817 64 297 394 681 503 834 
456 94 742 716 95 392 468 771 236 399 981 976 778 21 292 23 975 911 478 722 371 785 586 187 601 118 943 986 789 445 
819 245 998 38 429 92 890 888 332 125 755 781 100 533 270 852 24 245 240 961 957 79 746 20 725 815 129 667 278 908 
580 566 621 578 594 50 138 952 406 929 546 629 709 114 630 970 434 644 683 665 83 639 212 819 127 928 633 246 594 902 
623 174 936 712 220 998 230 817 950 626 746 495 724 923 599 353 892 502 988 52 166 539 159 368 357 277 764 458 513 358 
828 604 991 763 316 679 761 536 495 710 631 240 673 354 632 740 697 523 241 162 566 866 691 715 703 516 460 466 965 442 
292 270 45 751 33 820 429 262 825 915 440 455 623 112 277 254 320 442 246 30 595 280 364 754 463 535 739 914 992 181 
355 752 441 859 503 933 679 400 194 503 314 624 426 406 204 693 650 984 134 364 13 197 634 836 420 566 371 158 479 831 
798 302 582 238 160 553 171 307 944 824 800 726 448 694 131 120 386 772 103 980 604 575 645 238 411 64 794 250 681 741 
80 478 42 652 185 661 674 815 959 617 638 236 342 554 399 464 665 253 704 236 232 307 280 346 13 159 869 275 399 550 
15 469 496 516 589 149 646 262 954 82 347 70 777 680 614 175 612 747 419 315 974 119 90 253 455 563 402 324 828 269 
342 312 728 306 296 785 446 932 47 868 13 853 928 259 532 542 424 612 288 833 395 730 943 476 451 866 38 321 658 334 
580 990 636 776 765 401 561 210 332 76 546 805 919 474 63 920 484 477 531 240 779 917 961 199 861 411 533 367 723 191 
691 771 180 796 547 935 196 107 613 987 642 159 791 560 101 322 948 575 268 479 805 46 864 243 704 724 123 236 90 314 
417 249 84 66 44 621 469 230 196 82 217 828 700 476 857 269 789 804 834 56 751 116 561 614 350 264 806 932 959 886 
245 376 135 319 901 638 409 369 859 595 910 544 892 609 19 226 868 276 498 179 322 249 286 351 331 104 605 137 35 564 
491 270 408 616 57 308 254 456 667 581 520 577 124 880 654 602 105 991 869 593 638 659 310 392 10 632 486 83 237 980 
115 718 718 982 803 244 289 525 690 425 574 678 470 166 557 592 758 130 60 104 192 689 232 492 80 232 592 35 774 819 
483 358 15 201 339 286 435 619 801 593 512 374 271 972 530 296 41 756 886 92 851 77 771 82 37 319 773 620 344 24 
907 818 372 390 487 702 666 390 789 935 973 300 777 712 740 775 477 249 531 362 331 850 898 570 400 925 358 641 22 692 
655 920 978 27 778 933 197 444 322 976 847 764 744 624 475 952 398 420 200 397 772 991 246 669 38 114 72 386 745 84 
547 869 994 993 364 250 926 551 684 716 995 999 479 216 622 423 636 20 833 304 876 83 294 122 220 323 695 282 177 440 
357 714 308 819 707 140 68 632 681 220 347 153 219 295 359 309 708 463 788 18 757 664 91 520 776 302 311 470 52 478 
378 868 192 154 687 889 284 223 989 433 903 804 576 590 98 403 889 274 856 677 283 613 340 833 132 584 603 433 522 646 
379 891 513 561 513 668 918 788 360 384 689 262 188 265 842 745 658 730 488 983 875 239 73 214 71 195 788 665 96 779 
779 465 669 760 495 650 428 412 906 778 787 595 508 443 850 818 656 976 547 143 436 422 372 499 104 903 684 361 567 248 
139 345 704 276 104 198 916 991 78 822 246 333 416 222 244 734 39 891 187 577 502 614 467 343 112 561 245 265 390 280 
503 519 93 675 785 656 341 701 125 410 991 361 733 406 574 968 608 81 336 785 648 306 398 583 639 501 613 352 756 993 
622 727 512 183 402 765 830 733 465 945 142 455 774 344 329 816 780 927 888 584 712 13 880 578 65 519 78 668 339 302 
138 430 29 118 603 890 874 901 622 338 323 233 262 97 45 59 381 815 977 737 398 166 741 277 734 274 264 281 932 594 
51 538 23 539 647 94 428 520 986 519 326 308 742 56 864 777 106 714 69 551 450 926 707 659 202 909 923 926 658 332 
988 700 861 479 238 507 563 135 26 26 644 811 794 385 858 657 630 954 839 167 504 289 92 679 416 284 65 339 678 714 
661 665 882 990 143 588 496 175 713 981 191 356 792 975 209 127 110 307 80 939 464 52 696 546 199 112 299 723 910 967 
436 570 110 786 38 712 374 524 877 86 974 537 902 243 511 110 360 611 877 430 28 340 941 714 877 139 816 644 330 203 
610 757 242 188 20 270 891 384 262 245 930 235 772 831 468 752 409 818 831 285 716 849 94 656 563 439 263 847 82 584 
50 160 809 282 339 297 20 698 672 272 933 79 498 183 900 434 925 777 252 755 531 436 82 615 561 635 522 292 950 594 
344 468 744 621 218 82 909 228 248 580 960 181 649 457 823 26 359 747 271 79 970 792 506 51 875 66 154 396 817 573 
458 161 40 202 772 718 743 680 414 982 728 373 631 376 298 453 861 648 668 132 717 115 392 691 157 736 225 770 600 42 
342 58 193 842 719 433 559 461 113 441 911 831 805 541 676 571 462 536 687 598 658 404 704 519 563 329 254 779 98 844 
811 431 892 472 272 610 895 299 540 476 730 450 307 12 460 451 574 390 977 729 979 113 132 160 622 164 479 344 933 45 
187 221 466 548 161 206 626 55 495 634 991 694 553 766 696 12 216 738 392 192 467 839 764 67 467 854 221 936 197 622 
972 844 833 906 391 984 112 485 508 75 588 967 759 140 732 924 142 938 661 993 598 596 310 362 132 767 215 343 181 403 
434 621 715 735 526 574 197 106 58 695 172 636 139 921 766 861 844 376 798 974 838 864 569 147 225 691 904 900 503 553 
771 927 173 485 139 690 58 326 264 575 489 426 680 618 347 445 478 659 290 744 632 127 608 670 264 301 829 636 200 800 
189 439 204 821 914 334 510 440 650 243 15 139 659 685 747 474 598 694 133 356 437 233 473 513 371 205 805 200 832 473 
990 489 903 194 309 294 518 288 203 167 521 208 765 179 361 512 122 427 205 245 774 110 937 246 92 308 442 887 498 742 
828 956 230 208 149 998 962 135 285 164 762 796 831 526 444 191 37 556 608 701 269 381 280 205 618 362 972 528 717 938 
269 544 894 958 221 511 955 182 115 709 805 867 504 635 392 416 816 889 440 892 67 177 742 337 842 828 689 813 355 405 
751 92 418 122 49 107 623 472 748 728 180 552 72 153 186 455 37 470 812 468 830 869 635 571 206 476 398 363 758 221 
759 508 303 645 620 811 742 711 283 489 908 453 40 970 74 685 893 102 623 704 560 921 51 663 492 247 608 358 600 365 
570 827 341 863 471 429 152 212 139 425 169 515 346 668 954 880 352 846 972 443 28 1000 364 69 662 324 306 738 150 374 
102 710 670 902 51 140 330 193 812 929 86 449 443 891 117 396 770 459 711 741 371 729 218 203 266 349 986 40 86 135 
404 648 836 73 549 355 673 870 16 953 798 92 401 709 451 508 105 221 436 284 430 275 481 639 468 737 978 453 767 532 
56 639 179 360 703 719 705 844 588 711 274 385 271 665 93 191 642 657 871 546 409 300 811 880 407 278 616 853 199 382 
385 714 21 554 74 192 272 769 504 328 949 768 181 688 901 734 347 542 390 217 87 268 977 366 147 383 112 232 705 301 
82 89 15 562 111 548 744 843 785 716 170 733 952 342 890 853 75 236 863 924 913 419 660 889 775 798 740 878 498 444 
647 570 992 130 132 103 668 344 414 453 529 52 654 480 384 21 332 918 248 195 320 160 82 448 517 847 714 256 202 211 
691 840 772 682 438 372 253 106 706 657 27 234 700 671 183 552 683 505 939 399 168 727 27 240 174 534 556 879 780 748 
558 939 65 329 99 494 169 342 68 344 468 85 46 636 224 219 656 375 715 594 242 351 789 259 60 432 261 84 779 510 
300 336 448 356 134 537 318 293 348 376 627 806 920 664 441 612 873 96 978 65 159 219 876 416 938 926 838 198 478 616 
176 768 943 615 592 545 620 900 828 958 744 455 241 141 587 672 744 459 237 721 984 855 408 859 270 345 262 577 12 730 
661 178 497 603 261 89 616 350 457 444 307 201 367 539 332 944 679 544 871 384 264 854 238 141 190 968 476 442 544 947 
640 204 594 137 276 323 685 882 663 610 794 961 279 160 968 80 103 646 614 965 499 347 296 727 478 477 172 422 909 184 
369 549 379 431 154 123 744 307 473 876 907 267 314 655 417 281 725 980 395 338 944 362 675 239 89 152 706 720 565 93 
895 402 110 742 301 254 855 513 29 796 388 404 62 692 58 939 441 773 918 305 111 861 657 254 568 214 397 743 925 430 
826 297 300 926 38 591 648 883 103 145 678 951 539 209 120 588 147 30 360 64 794 930 393 919 184 951 133 49 171 526 
469 987 291 759 390 319 818 506 670 911 641 816 339 180 24 450 236 630 470 586 684 263 516 545 181 168 496 773 207 135 
767 666 122 57 893 971 366 710 946 504 98 586 320 428 234 334 346 460 955 806 515 116 537 499 652 708 657 616 950 854 
741 194 988 331 242 880 302 76 67 716 571 155 301 881 51 995 683 387 923 637 661 437 222 197 926 864 374 582 948 792 
904 166 976 891 488 217 770 258 753 305 964 323 920 733 672 961 205 354 817 128 460 946 33 672 143 950 13 976 1000 951 
767 382 116 220 272 72 428 511 320 649 806 752 962 725 954 633 164 158 977 449 276 436 394 300 576 527 718 579 971 195 
998 215 567 583 426 308 645 322 809 434 961 92 654 922 808 607 32 440 756 477 879 500 904 272 268 948 268 976 527 238 
640 524 913 206 106 338 973 220 650 781 122 610 864 766 1000 149 373 31 57 597 498 926 96 870 666 355 818 924 799 813 
631 438 336 21 113 902 349 85 590 467 335 702 76 667 936 544 284 308 565 331 895 531 256 460 870 390 283 687 783 81 
499 882 979 303 893 91 673 241 635 731 698 438 432 242 104 368 776 378 144 809 177 508 808 892 436 677 282 709 832 64 
780 799 936 758 102 828 317 243 537 421 965 703 849 865 935 422 701 188 268 836 987 436 812 794 796 247 940 77 946 771 
600 203 570 13 430 140 309 737 842 836 626 806 538 944 149 941 834 840 128 101 153 583 996 955 377 792 670 785 337 615 
555 928 287 593 409 707 201 709 912 43 22 538 317 29 481 456 960 314 765 557 874 908 139 870 341 975 139 479 759 935 
563 783 862 840 375 740 546 567 448 457 78 929 985 385 948 934 310 386 716 74 933 590 450 540 928 259 515 535 729 742 
469 291 524 800 130 890 539 666 925 455 591 993 383 576 846 331 978 155 185 694 688 586 752 138 125 679 856 108 682 584 
841 150 343 364 940 463 722 947 597 124 401 188 585 775 232 431 574 678 576 227 371 264 803 591 861 396 738 716 495 419 
300 804 38 111 636 968 565 827 393 630 941 784 286 526 36 977 947 78 655 991 764 494 723 566 85 583 431 291 768 916 
701 536 197 729 637 823 174 201 127 557 300 68 810 54 62 314 31 477 852 154 467 615 638 659 181 191 241 80 473 999 
986 642 534 651 370 171 942 12 831 69 38 599 127 838 644 648 620 143 124 471 287 59 86 393 708 726 53 418 796 985 
885 259 626 888 378 464 58 319 935 357 378 963 425 964 278 68 611 889 201 203 359 947 253 904 339 429 107 382 837 371 
835 722 98 460 87 466 392 604 776 327 951 153 758 844 117 36 902 196 915 571 390 742 986 111 124 325 530 221 175 836 
583 10 35 149 929 112 606 790 706 381 585 134 993 342 969 109 368 348 765 751 388 154 493 373 255 607 166 253 296 801 
557 347 279 582 487 676 684 92 465 858 932 518 983 924 851 429 33 687 767 788 438 623 410 399 987 133 996 621 845 760 
421 402 107 690 974 62 366 136 144 299 462 75 808 444 989 136 341 490 813 577 746 250 199 624 117 654 747 112 275 70 
341 686 462 907 845 435 959 679 39 571 968 492 636 775 404 102 379 736 61 192 312 275 901 501 368 18 155 583 589 889 
643 920 574 104 826 887 999 262 565 37 823 533 519 927 776 392 29 155 127 549 806 429 292 706 398 650 714 21 233 772 
900 866 169 943 961 986 829 437 247 394 464 539 395 452 465 639 834 953 262 951 501 67 848 784 242 714 902 424 726 134 
195 625 469 355 45 429 809 865 856 524 727 788 62 590 239 518 697 541 470 950 960 440 485 807 692 717 990 593 141 715 
718 326 808 655 149 844 552 948 186 876 472 381 663 993 439 371 510 135 902 449 84 340 879 560 615 570 745 604 162 876 
318 348 671 126 993 810 438 544 236 92 419 176 463 551 168 370 912 669 495 291 117 48 621 986 76 236 33 811 830 185 
687 617 993 826 211 985 635 639 998 339 721 885 505 652 435 664 21 346 801 975 106 386 22 717 371 88 421 863 368 251 
47 54 858 508 348 68 962 451 175 959 781 364 843 285 484 278 417 964 92 217 938 188 593 951 374 432 507 785 294 865 
35 801 387 361 308 725 888 738 645 531 696 425 363 17 700 837 754 586 800 836 793 216 493 386 635 857 808 141 119 571 
475 614 371 330 965 147 524 331 876 168 852 49 583 684 56 751 520 278 336 789 583 129 995 75 974 629 400 259 238 509 
